0 22 1931
0 75 3716
1 2 2926
1 74 3640
2 3 700
3 4 1369
4 5 1115
5 6 906
6 7 583
7 8 2000
8 9 700
9 10 1617
10 11 1118
11 12 1164
12 13 522
13 73 3158
14 15 700
14 73 4533
15 16 1512
16 17 667
17 36 550
18 19 716
18 30 550
19 25 3046
20 21 1193
20 24 550
21 22 1433
23 24 1118
23 45 1931
25 26 700
26 27 1369
27 42 1053
28 29 906
28 31 1364
29 30 583
31 32 700
32 34 1841
33 34 1118
33 39 1280
35 36 522
35 37 1390
37 38 700
38 39 1512
40 59 550
40 60 2261
41 42 716
41 53 550
43 44 1193
43 47 550
44 45 1433
46 47 1118
46 68 1931
48 49 700
48 50 1629
49 66 3100
50 65 1053
51 52 906
51 54 1364
52 53 583
54 55 700
55 56 1617
56 57 1118
57 58 1164
58 59 522
60 61 700
61 62 1512
62 63 667
63 72 3250
64 65 716
64 70 4070
66 69 3905
67 68 1433
67 69 3946
70 71 1900
71 72 300
74 75 300
The cost of the best tour is: 108159.0
